1.000000 3.651461
1.020000 3.651461
1.040000 3.651461
1.060000 3.651461
1.080000 3.657232
1.100000 4.068488
1.120000 5.008863
1.140000 6.420914
1.160000 9.883570
1.180000 15.528164
1.200000 24.304363
1.220000 39.500255
1.240000 53.998327
1.260000 69.601559
1.280000 89.879222
1.300000 119.456794
1.320000 149.114157
1.340000 175.522206
1.360000 203.604409
1.380000 238.236788
1.400000 278.221033
1.420000 317.478935
1.440000 356.770618
1.460000 394.301241
1.480000 429.225495
1.500000 462.743246
1.520000 495.729388
1.540000 527.543419
1.560000 559.321800
1.580000 592.746494
1.600000 627.667656
1.620000 664.411163
1.640000 704.983438
1.660000 751.561565
1.680000 791.120710
1.700000 822.941252
1.720000 851.446849
1.740000 875.232153
